TFORM by J.Vermaseren,version 4.0Beta(Apr  1 2011) Run Wed Mar 19 15:36:57 2014

    *===This file was automatically generated in Python==*
    
    off statistics;
    
    *====includes===
    #include ../../inc/diracSimplify.h
    #-
    #include ../../inc/symmetryTables.h
    #-
    #include ../../inc/replaceBterms.h
    #-
    #include ../../inc/projectOps.h
    #-
    #include ../../inc/irIsolate.h
    #-
    #include ../../inc/expandSums.h
    #-
    #include ../../inc/expandSumsOverlap.h
    #-
    #include ../../inc/formIntegrate.h
    #-
    #include ../../inc/diracTrace.h
    #-
    
    *==lorentz indices===
    autodeclare index ix =0;
    autodeclare index ex =0;
    
    *==polarization indices===
    autodeclare index sx = 0;
    
    *==vectors==
    CF p,p1,p2,p3,p4;  * // Fermion momenta
    CF k;              * // Loop momenta 
    CF q,q1,q2,q3,q4;  * // gauge field momenta 
    CF d;              * // light-like vector 
    
    * == Special functions == 
    CF sum,SUM;         * // index summation helpers 
    CF s,S,m,M,b,B,c,C; * // trig functions of loop-momenta
    
    
    * == Gamma matrices == 
    F G;
    CF g;
    CF c;
    
    * == Symbols ==
    S g0, rh, rw, m0, a;  * // physical constants
    S pow, pow2, sf, DIM; * // powers/scale factors
    S db, dq, aa, bb;     * // bosonic/fermionic denominators
    S n,nx,ny,nz,nt;      * // powers of k - used for integrating
    S OP;                 * // momentum space operator
    
    * == The expression==
    L expr = 1/8*F(1,2,0,0,0,5,2,2)*i_*rw^2*rh^2*OP+3/8*F(1,2,0,0,1,4,2,2)*i_*rw^2*r
    h^2*OP+3/4*F(1,2,0,0,2,3,2,2)*i_*rw^2*rh^2*OP+3/4*F(1,2,0,1,2,2,2,2)*i_*rw^2*rh^
    2*OP+2*F(1,2,0,0,0,3,2,2)*i_*rw^2*rh^2*OP+18*F(1,2,0,0,1,2,2,2)*i_*rw^2*rh^2*OP+
    12*F(1,2,0,1,1,1,2,2)*i_*rw^2*rh^2*OP+2*F(1,2,0,0,0,3,2,2)*i_*rw^2*rh^2*OP+18*F(
    1,2,0,0,1,2,2,2)*i_*rw^2*rh^2*OP+12*F(1,2,0,1,1,1,2,2)*i_*rw^2*rh^2*OP+8*F(1,2,0
    ,0,0,3,2,2)*i_*rw^2*rh^2*OP+24*F(1,2,0,0,1,2,2,2)*i_*rw^2*rh^2*OP+1/8*F(1,2,0,0,
    0,5,2,2)*i_*rw^2*rh^2*OP+3/8*F(1,2,0,0,1,4,2,2)*i_*rw^2*rh^2*OP+3/4*F(1,2,0,0,2,
    3,2,2)*i_*rw^2*rh^2*OP+3/4*F(1,2,0,1,2,2,2,2)*i_*rw^2*rh^2*OP+2*F(1,2,0,0,0,3,2,
    2)*i_*rw^2*rh^2*OP+18*F(1,2,0,0,1,2,2,2)*i_*rw^2*rh^2*OP+12*F(1,2,0,1,1,1,2,2)*i
    _*rw^2*rh^2*OP+2*F(1,2,0,0,0,3,2,2)*i_*rw^2*rh^2*OP+18*F(1,2,0,0,1,2,2,2)*i_*rw^
    2*rh^2*OP+12*F(1,2,0,1,1,1,2,2)*i_*rw^2*rh^2*OP+8*F(1,2,0,0,0,3,2,2)*i_*rw^2*rh^
    2*OP+24*F(1,2,0,0,1,2,2,2)*i_*rw^2*rh^2*OP+1/2*F(1,2,0,0,0,4,2,2)*i_*rw^2*rh^2*O
    P+3/2*F(1,2,0,0,1,3,2,2)*i_*rw^2*rh^2*OP+F(1,2,0,0,0,4,2,2)*i_*rw^2*rh^2*OP+3*F(
    1,2,0,0,1,3,2,2)*i_*rw^2*rh^2*OP+F(1,2,0,0,0,4,2,2)*i_*rw^2*rh^2*OP+3*F(1,2,0,0,
    1,3,2,2)*i_*rw^2*rh^2*OP+8*F(1,2,0,0,0,2,2,2)*i_*rw^2*rh^2*OP+24*F(1,2,0,0,1,1,2
    ,2)*i_*rw^2*rh^2*OP+1/2*F(1,2,0,0,0,4,2,2)*i_*rw^2*rh^2*OP+3/2*F(1,2,0,0,1,3,2,2
    )*i_*rw^2*rh^2*OP+8*F(1,2,0,0,0,2,2,2)*i_*rw^2*rh^2*OP+24*F(1,2,0,0,1,1,2,2)*i_*
    rw^2*rh^2*OP+1/2*F(1,2,0,0,0,4,2,2)*i_*rw^2*rh^2*OP+3/2*F(1,2,0,0,1,3,2,2)*i_*rw
    ^2*rh^2*OP+F(1,2,0,0,0,4,2,2)*i_*rw^2*rh^2*OP+3*F(1,2,0,0,1,3,2,2)*i_*rw^2*rh^2*
    OP+F(1,2,0,0,0,4,2,2)*i_*rw^2*rh^2*OP+3*F(1,2,0,0,1,3,2,2)*i_*rw^2*rh^2*OP+8*F(1
    ,2,0,0,0,2,2,2)*i_*rw^2*rh^2*OP+24*F(1,2,0,0,1,1,2,2)*i_*rw^2*rh^2*OP+1/2*F(1,2,
    0,0,0,4,2,2)*i_*rw^2*rh^2*OP+3/2*F(1,2,0,0,1,3,2,2)*i_*rw^2*rh^2*OP+8*F(1,2,0,0,
    0,2,2,2)*i_*rw^2*rh^2*OP+24*F(1,2,0,0,1,1,2,2)*i_*rw^2*rh^2*OP+1/8*F(1,2,0,0,0,5
    ,2,2)*i_*rw^2*rh^2*OP+3/8*F(1,2,0,0,1,4,2,2)*i_*rw^2*rh^2*OP+3/4*F(1,2,0,0,2,3,2
    ,2)*i_*rw^2*rh^2*OP+3/4*F(1,2,0,1,2,2,2,2)*i_*rw^2*rh^2*OP+2*F(1,2,0,0,0,3,2,2)*
    i_*rw^2*rh^2*OP+18*F(1,2,0,0,1,2,2,2)*i_*rw^2*rh^2*OP+12*F(1,2,0,1,1,1,2,2)*i_*r
    w^2*rh^2*OP+8*F(1,2,0,0,0,3,2,2)*i_*rw^2*rh^2*OP+24*F(1,2,0,0,1,2,2,2)*i_*rw^2*r
    h^2*OP+2*F(1,2,0,0,0,3,2,2)*i_*rw^2*rh^2*OP+18*F(1,2,0,0,1,2,2,2)*i_*rw^2*rh^2*O
    P+12*F(1,2,0,1,1,1,2,2)*i_*rw^2*rh^2*OP+1/2*F(1,2,0,0,0,4,2,2)*i_*rw^2*rh^2*OP+3
    /2*F(1,2,0,0,1,3,2,2)*i_*rw^2*rh^2*OP+F(1,2,0,0,0,4,2,2)*i_*rw^2*rh^2*OP+3*F(1,2
    ,0,0,1,3,2,2)*i_*rw^2*rh^2*OP+F(1,2,0,0,0,4,2,2)*i_*rw^2*rh^2*OP+3*F(1,2,0,0,1,3
    ,2,2)*i_*rw^2*rh^2*OP+8*F(1,2,0,0,0,2,2,2)*i_*rw^2*rh^2*OP+24*F(1,2,0,0,1,1,2,2)
    *i_*rw^2*rh^2*OP+1/2*F(1,2,0,0,0,4,2,2)*i_*rw^2*rh^2*OP+3/2*F(1,2,0,0,1,3,2,2)*i
    _*rw^2*rh^2*OP+8*F(1,2,0,0,0,2,2,2)*i_*rw^2*rh^2*OP+24*F(1,2,0,0,1,1,2,2)*i_*rw^
    2*rh^2*OP+1/8*F(1,2,0,0,0,5,2,2)*i_*rw^2*rh^2*OP+3/8*F(1,2,0,0,1,4,2,2)*i_*rw^2*
    rh^2*OP+3/4*F(1,2,0,0,2,3,2,2)*i_*rw^2*rh^2*OP+3/4*F(1,2,0,1,2,2,2,2)*i_*rw^2*rh
    ^2*OP+2*F(1,2,0,0,0,3,2,2)*i_*rw^2*rh^2*OP+18*F(1,2,0,0,1,2,2,2)*i_*rw^2*rh^2*OP
    +12*F(1,2,0,1,1,1,2,2)*i_*rw^2*rh^2*OP+8*F(1,2,0,0,0,3,2,2)*i_*rw^2*rh^2*OP+24*F
    (1,2,0,0,1,2,2,2)*i_*rw^2*rh^2*OP+2*F(1,2,0,0,0,3,2,2)*i_*rw^2*rh^2*OP+18*F(1,2,
    0,0,1,2,2,2)*i_*rw^2*rh^2*OP+12*F(1,2,0,1,1,1,2,2)*i_*rw^2*rh^2*OP+0+0+0+1/2*F(1
    ,2,0,0,0,4,2,2)*i_*rw^2*rh^2*OP+3/2*F(1,2,0,0,1,3,2,2)*i_*rw^2*rh^2*OP+F(1,2,0,0
    ,0,4,2,2)*i_*rw^2*rh^2*OP+3*F(1,2,0,0,1,3,2,2)*i_*rw^2*rh^2*OP+F(1,2,0,0,0,4,2,2
    )*i_*rw^2*rh^2*OP+3*F(1,2,0,0,1,3,2,2)*i_*rw^2*rh^2*OP+8*F(1,2,0,0,0,2,2,2)*i_*r
    w^2*rh^2*OP+24*F(1,2,0,0,1,1,2,2)*i_*rw^2*rh^2*OP+1/2*F(1,2,0,0,0,4,2,2)*i_*rw^2
    *rh^2*OP+3/2*F(1,2,0,0,1,3,2,2)*i_*rw^2*rh^2*OP+8*F(1,2,0,0,0,2,2,2)*i_*rw^2*rh^
    2*OP+24*F(1,2,0,0,1,1,2,2)*i_*rw^2*rh^2*OP+0+0+0+1/2*F(1,2,0,0,0,4,2,2)*i_*rh^2*
    OP+3/2*F(1,2,0,0,1,3,2,2)*i_*rh^2*OP+1/2*F(1,2,0,0,0,4,2,2)*i_*rh^2*OP+3/2*F(1,2
    ,0,0,2,2,2,2)*i_*rh^2*OP+1/2*F(1,2,0,0,0,4,2,2)*i_*rh^2*OP+3/2*F(1,2,0,0,2,2,2,2
    )*i_*rh^2*OP+8*F(1,2,0,0,0,2,2,2)*i_*rh^2*OP+24*F(1,2,0,0,1,1,2,2)*i_*rh^2*OP+1/
    2*F(1,2,0,0,0,4,2,2)*i_*rh^2*OP+3/2*F(1,2,0,0,1,3,2,2)*i_*rh^2*OP+1/2*F(1,2,0,0,
    0,4,2,2)*i_*rh^2*OP+3/2*F(1,2,0,0,2,2,2,2)*i_*rh^2*OP+1/2*F(1,2,0,0,0,4,2,2)*i_*
    rh^2*OP+3/2*F(1,2,0,0,2,2,2,2)*i_*rh^2*OP+8*F(1,2,0,0,0,2,2,2)*i_*rh^2*OP+24*F(1
    ,2,0,0,1,1,2,2)*i_*rh^2*OP+1/8*F(1,2,0,0,0,5,2,2)*i_*rh^2*OP+4*F(1,2,0,0,0,3,2,2
    )*i_*rh^2*OP+1/8*F(1,2,0,0,0,5,2,2)*i_*rh^2*OP+4*F(1,2,0,0,0,3,2,2)*i_*rh^2*OP+4
    *F(1,2,0,0,0,3,2,2)*i_*rh^2*OP+1/8*F(1,2,0,0,0,5,2,2)*i_*rh^2*OP+4*F(1,2,0,0,0,3
    ,2,2)*i_*rh^2*OP+1/8*F(1,2,0,0,0,5,2,2)*i_*rh^2*OP+4*F(1,2,0,0,0,3,2,2)*i_*rh^2*
    OP+4*F(1,2,0,0,0,3,2,2)*i_*rh^2*OP+1/2*F(1,2,0,0,0,4,2,2)*i_*rh^2*OP+3/2*F(1,2,0
    ,0,2,2,2,2)*i_*rh^2*OP+1/2*F(1,2,0,0,0,4,2,2)*i_*rh^2*OP+3/2*F(1,2,0,0,1,3,2,2)*
    i_*rh^2*OP+1/2*F(1,2,0,0,0,4,2,2)*i_*rh^2*OP+3/2*F(1,2,0,0,2,2,2,2)*i_*rh^2*OP+8
    *F(1,2,0,0,0,2,2,2)*i_*rh^2*OP+24*F(1,2,0,0,1,1,2,2)*i_*rh^2*OP+1/8*F(2,2,0,0,0,
    7,2,2)*i_*rw^2*rh^2*OP+3/8*F(2,2,0,0,1,6,2,2)*i_*rw^2*rh^2*OP+3/8*F(2,2,0,0,2,5,
    2,2)*i_*rw^2*rh^2*OP+3/8*F(2,2,0,0,3,4,2,2)*i_*rw^2*rh^2*OP+3/4*F(2,2,0,1,2,4,2,
    2)*i_*rw^2*rh^2*OP+2*F(2,2,0,0,0,5,2,2)*i_*rw^2*rh^2*OP+6*F(2,2,0,0,1,4,2,2)*i_*
    rw^2*rh^2*OP+12*F(2,2,0,0,2,3,2,2)*i_*rw^2*rh^2*OP+12*F(2,2,0,1,2,2,2,2)*i_*rw^2
    *rh^2*OP+4*F(2,2,0,0,0,5,2,2)*i_*rw^2*rh^2*OP+24*F(2,2,0,0,1,4,2,2)*i_*rw^2*rh^2
    *OP+12*F(2,2,0,0,2,3,2,2)*i_*rw^2*rh^2*OP+24*F(2,2,0,1,1,3,2,2)*i_*rw^2*rh^2*OP+
    4*F(2,2,0,0,0,5,2,2)*i_*rw^2*rh^2*OP+12*F(2,2,0,0,1,4,2,2)*i_*rw^2*rh^2*OP+24*F(
    2,2,0,0,2,3,2,2)*i_*rw^2*rh^2*OP+24*F(2,2,0,1,2,2,2,2)*i_*rw^2*rh^2*OP+2*F(2,2,0
    ,0,0,5,2,2)*i_*rw^2*rh^2*OP+12*F(2,2,0,0,1,4,2,2)*i_*rw^2*rh^2*OP+6*F(2,2,0,0,2,
    3,2,2)*i_*rw^2*rh^2*OP+12*F(2,2,0,1,1,3,2,2)*i_*rw^2*rh^2*OP+32*F(2,2,0,0,0,3,2,
    2)*i_*rw^2*rh^2*OP+288*F(2,2,0,0,1,2,2,2)*i_*rw^2*rh^2*OP+192*F(2,2,0,1,1,1,2,2)
    *i_*rw^2*rh^2*OP+5/4*F(2,2,0,0,0,6,2,2)*i_*rh^2*OP+15/4*F(2,2,0,0,2,4,2,2)*i_*rh
    ^2*OP+4*F(2,2,0,0,0,4,2,2)*i_*rh^2*OP+12*F(2,2,0,0,2,2,2,2)*i_*rh^2*OP+1/2*F(2,2
    ,0,0,0,6,2,2)*i_*rh^2*OP+3/2*F(2,2,0,0,1,5,2,2)*i_*rh^2*OP+16*F(2,2,0,0,0,4,2,2)
    *i_*rh^2*OP+48*F(2,2,0,0,1,3,2,2)*i_*rh^2*OP+1/2*F(2,2,0,0,0,6,2,2)*i_*rh^2*OP+3
    /2*F(2,2,0,0,2,4,2,2)*i_*rh^2*OP+16*F(2,2,0,0,0,4,2,2)*i_*rh^2*OP+48*F(2,2,0,0,2
    ,2,2,2)*i_*rh^2*OP+20*F(2,2,0,0,0,4,2,2)*i_*rh^2*OP+60*F(2,2,0,0,1,3,2,2)*i_*rh^
    2*OP+64*c(2,2,0,0,0,2,2,2)*B(0,4,0,0,0,2)*i_*rh^2*OP+192*c(2,2,0,0,1,1,2,2)*B(0,
    4,0,0,1,1)*i_*rh^2*OP+64*J(2,2,0,0,0,2,2,2)*i_*rh^2*OP+192*J(2,2,0,0,1,1,2,2)*i_
    *rh^2*OP+3/2*F(1,2,0,0,0,4,2,2)*i_*rh^2*OP+9/2*F(1,2,0,0,2,2,2,2)*i_*rh^2*OP+F(1
    ,2,0,0,0,4,2,2)*i_*rh^2*OP+3*F(1,2,0,0,1,3,2,2)*i_*rh^2*OP+8*F(1,2,0,0,0,2,2,2)*
    i_*rh^2*OP+24*F(1,2,0,0,1,1,2,2)*i_*rh^2*OP+F(1,2,0,0,0,4,2,2)*i_*rh^2*OP+3*F(1,
    2,0,0,2,2,2,2)*i_*rh^2*OP+32*F(1,2,0,0,0,2,2,2)*i_*rh^2*OP+24*F(1,2,0,0,0,2,2,2)
    *i_*rh^2*OP+72*F(1,2,0,0,1,1,2,2)*i_*rh^2*OP+1/8*F(1,2,0,0,0,5,2,2)*i_*rh^2*OP+4
    *F(1,2,0,0,0,3,2,2)*i_*rh^2*OP+1/8*F(1,2,0,0,0,5,2,2)*i_*rh^2*OP+4*F(1,2,0,0,0,3
    ,2,2)*i_*rh^2*OP+4*F(1,2,0,0,0,3,2,2)*i_*rh^2*OP+1/2*F(2,2,0,0,0,6,2,2)*i_*rw^2*
    rh^2*OP+3/2*F(2,2,0,0,1,5,2,2)*i_*rw^2*rh^2*OP+3/2*F(2,2,0,0,2,4,2,2)*i_*rw^2*rh
    ^2*OP+3/2*F(2,2,0,0,3,3,2,2)*i_*rw^2*rh^2*OP+3*F(2,2,0,1,2,3,2,2)*i_*rw^2*rh^2*O
    P+F(2,2,0,0,0,6,2,2)*i_*rw^2*rh^2*OP+3*F(2,2,0,0,1,5,2,2)*i_*rw^2*rh^2*OP+3*F(2,
    2,0,0,2,4,2,2)*i_*rw^2*rh^2*OP+3*F(2,2,0,0,3,3,2,2)*i_*rw^2*rh^2*OP+6*F(2,2,0,1,
    2,3,2,2)*i_*rw^2*rh^2*OP+8*F(2,2,0,0,0,4,2,2)*i_*rw^2*rh^2*OP+48*F(2,2,0,0,1,3,2
    ,2)*i_*rw^2*rh^2*OP+24*F(2,2,0,0,2,2,2,2)*i_*rw^2*rh^2*OP+48*F(2,2,0,1,1,2,2,2)*
    i_*rw^2*rh^2*OP+1/2*F(2,2,0,0,0,6,2,2)*i_*rw^2*rh^2*OP+3/2*F(2,2,0,0,1,5,2,2)*i_
    *rw^2*rh^2*OP+3/2*F(2,2,0,0,2,4,2,2)*i_*rw^2*rh^2*OP+3/2*F(2,2,0,0,3,3,2,2)*i_*r
    w^2*rh^2*OP+3*F(2,2,0,1,2,3,2,2)*i_*rw^2*rh^2*OP+16*F(2,2,0,0,0,4,2,2)*i_*rw^2*r
    h^2*OP+96*F(2,2,0,0,1,3,2,2)*i_*rw^2*rh^2*OP+48*F(2,2,0,0,2,2,2,2)*i_*rw^2*rh^2*
    OP+96*F(2,2,0,1,1,2,2,2)*i_*rw^2*rh^2*OP+8*F(2,2,0,0,0,4,2,2)*i_*rw^2*rh^2*OP+48
    *F(2,2,0,0,1,3,2,2)*i_*rw^2*rh^2*OP+24*F(2,2,0,0,2,2,2,2)*i_*rw^2*rh^2*OP+48*F(2
    ,2,0,1,1,2,2,2)*i_*rw^2*rh^2*OP+F(2,2,0,0,0,6,2,2)*i_*rw^2*rh^2*OP+3*F(2,2,0,0,1
    ,5,2,2)*i_*rw^2*rh^2*OP+F(2,2,0,0,0,6,2,2)*i_*rw^2*rh^2*OP+3*F(2,2,0,0,1,5,2,2)*
    i_*rw^2*rh^2*OP+16*F(2,2,0,0,0,4,2,2)*i_*rw^2*rh^2*OP+48*F(2,2,0,0,1,3,2,2)*i_*r
    w^2*rh^2*OP+16*F(2,2,0,0,0,4,2,2)*i_*rw^2*rh^2*OP+48*F(2,2,0,0,1,3,2,2)*i_*rw^2*
    rh^2*OP+1/8*F(2,2,0,0,0,7,2,2)*i_*rh^2*OP+3/8*F(2,2,0,0,3,4,2,2)*i_*rh^2*OP+F(2,
    2,0,0,0,5,2,2)*i_*rh^2*OP+3*F(2,2,0,0,2,3,2,2)*i_*rh^2*OP+6*F(2,2,0,0,0,5,2,2)*i
    _*rh^2*OP+18*F(2,2,0,0,2,3,2,2)*i_*rh^2*OP+2*F(2,2,0,0,0,5,2,2)*i_*rh^2*OP+6*F(2
    ,2,0,0,1,4,2,2)*i_*rh^2*OP+16*F(2,2,0,0,0,3,2,2)*i_*rh^2*OP+48*F(2,2,0,0,1,2,2,2
    )*i_*rh^2*OP+3*F(2,2,0,0,0,5,2,2)*i_*rh^2*OP+9*F(2,2,0,0,2,3,2,2)*i_*rh^2*OP+4*F
    (2,2,0,0,0,5,2,2)*i_*rh^2*OP+12*F(2,2,0,0,2,3,2,2)*i_*rh^2*OP+32*F(2,2,0,0,0,3,2
    ,2)*i_*rh^2*OP+96*F(2,2,0,0,1,2,2,2)*i_*rh^2*OP+48*F(2,2,0,0,0,3,2,2)*i_*rh^2*OP
    +144*F(2,2,0,0,1,2,2,2)*i_*rh^2*OP+1/8*F(2,2,0,0,0,7,2,2)*i_*rh^2*OP+4*F(2,2,0,0
    ,0,5,2,2)*i_*rh^2*OP+10*F(2,2,0,0,0,5,2,2)*i_*rh^2*OP+32*F(2,2,0,0,0,3,2,2)*i_*r
    h^2*OP+2*F(2,2,0,0,0,5,2,2)*i_*rh^2*OP+64*F(2,2,0,0,0,3,2,2)*i_*rh^2*OP+1/4*F(1,
    2,0,0,0,5,2,2)*i_*rh^2*OP+2*F(1,2,0,0,0,3,2,2)*i_*rh^2*OP+12*F(1,2,0,0,0,3,2,2)*
    i_*rh^2*OP+1/4*F(1,2,0,0,0,5,2,2)*i_*rh^2*OP+12*F(1,2,0,0,0,3,2,2)*i_*rh^2*OP+32
    *c(1,2,0,0,0,1,2,2)*B(0,3,0,0,0,1)*i_*rh^2*OP+32*J(1,2,0,0,0,1,2,2)*i_*rh^2*OP+1
    0*F(1,2,0,0,0,3,2,2)*i_*rh^2*OP+32*c(1,2,0,0,0,1,2,2)*B(0,3,0,0,0,1)*i_*rh^2*OP+
    32*J(1,2,0,0,0,1,2,2)*i_*rh^2*OP+1/2*F(1,2,0,0,0,4,2,2)*i_*rh^2*OP+3/2*F(1,2,0,0
    ,2,2,2,2)*i_*rh^2*OP+1/2*F(1,2,0,0,0,4,2,2)*i_*rh^2*OP+3/2*F(1,2,0,0,1,3,2,2)*i_
    *rh^2*OP+1/2*F(1,2,0,0,0,4,2,2)*i_*rh^2*OP+3/2*F(1,2,0,0,2,2,2,2)*i_*rh^2*OP+8*F
    (1,2,0,0,0,2,2,2)*i_*rh^2*OP+24*F(1,2,0,0,1,1,2,2)*i_*rh^2*OP+1/8*F(2,2,0,0,0,7,
    2,2)*i_*rw^2*rh^2*OP+3/8*F(2,2,0,0,1,6,2,2)*i_*rw^2*rh^2*OP+3/8*F(2,2,0,0,2,5,2,
    2)*i_*rw^2*rh^2*OP+3/8*F(2,2,0,0,3,4,2,2)*i_*rw^2*rh^2*OP+3/4*F(2,2,0,1,2,4,2,2)
    *i_*rw^2*rh^2*OP+2*F(2,2,0,0,0,5,2,2)*i_*rw^2*rh^2*OP+6*F(2,2,0,0,1,4,2,2)*i_*rw
    ^2*rh^2*OP+12*F(2,2,0,0,2,3,2,2)*i_*rw^2*rh^2*OP+12*F(2,2,0,1,2,2,2,2)*i_*rw^2*r
    h^2*OP+4*F(2,2,0,0,0,5,2,2)*i_*rw^2*rh^2*OP+24*F(2,2,0,0,1,4,2,2)*i_*rw^2*rh^2*O
    P+12*F(2,2,0,0,2,3,2,2)*i_*rw^2*rh^2*OP+24*F(2,2,0,1,1,3,2,2)*i_*rw^2*rh^2*OP+4*
    F(2,2,0,0,0,5,2,2)*i_*rw^2*rh^2*OP+12*F(2,2,0,0,1,4,2,2)*i_*rw^2*rh^2*OP+24*F(2,
    2,0,0,2,3,2,2)*i_*rw^2*rh^2*OP+24*F(2,2,0,1,2,2,2,2)*i_*rw^2*rh^2*OP+2*F(2,2,0,0
    ,0,5,2,2)*i_*rw^2*rh^2*OP+12*F(2,2,0,0,1,4,2,2)*i_*rw^2*rh^2*OP+6*F(2,2,0,0,2,3,
    2,2)*i_*rw^2*rh^2*OP+12*F(2,2,0,1,1,3,2,2)*i_*rw^2*rh^2*OP+32*F(2,2,0,0,0,3,2,2)
    *i_*rw^2*rh^2*OP+288*F(2,2,0,0,1,2,2,2)*i_*rw^2*rh^2*OP+192*F(2,2,0,1,1,1,2,2)*i
    _*rw^2*rh^2*OP+0+0+0+0+0+0+0+0+5/4*F(2,2,0,0,0,6,2,2)*i_*rh^2*OP+15/4*F(2,2,0,0,
    2,4,2,2)*i_*rh^2*OP+4*F(2,2,0,0,0,4,2,2)*i_*rh^2*OP+12*F(2,2,0,0,2,2,2,2)*i_*rh^
    2*OP+1/2*F(2,2,0,0,0,6,2,2)*i_*rh^2*OP+3/2*F(2,2,0,0,1,5,2,2)*i_*rh^2*OP+16*F(2,
    2,0,0,0,4,2,2)*i_*rh^2*OP+48*F(2,2,0,0,1,3,2,2)*i_*rh^2*OP+1/2*F(2,2,0,0,0,6,2,2
    )*i_*rh^2*OP+3/2*F(2,2,0,0,2,4,2,2)*i_*rh^2*OP+16*F(2,2,0,0,0,4,2,2)*i_*rh^2*OP+
    48*F(2,2,0,0,2,2,2,2)*i_*rh^2*OP+20*F(2,2,0,0,0,4,2,2)*i_*rh^2*OP+60*F(2,2,0,0,1
    ,3,2,2)*i_*rh^2*OP+64*c(2,2,0,0,0,2,2,2)*B(0,4,0,0,0,2)*i_*rh^2*OP+192*c(2,2,0,0
    ,1,1,2,2)*B(0,4,0,0,1,1)*i_*rh^2*OP+64*J(2,2,0,0,0,2,2,2)*i_*rh^2*OP+192*J(2,2,0
    ,0,1,1,2,2)*i_*rh^2*OP+0+0+0+0+0+0+0+0+0+0+0+0+3/2*F(1,2,0,0,0,4,2,2)*i_*rh^2*OP
    +9/2*F(1,2,0,0,2,2,2,2)*i_*rh^2*OP+F(1,2,0,0,0,4,2,2)*i_*rh^2*OP+3*F(1,2,0,0,1,3
    ,2,2)*i_*rh^2*OP+8*F(1,2,0,0,0,2,2,2)*i_*rh^2*OP+24*F(1,2,0,0,1,1,2,2)*i_*rh^2*O
    P+F(1,2,0,0,0,4,2,2)*i_*rh^2*OP+3*F(1,2,0,0,2,2,2,2)*i_*rh^2*OP+32*F(1,2,0,0,0,2
    ,2,2)*i_*rh^2*OP+24*F(1,2,0,0,0,2,2,2)*i_*rh^2*OP+72*F(1,2,0,0,1,1,2,2)*i_*rh^2*
    OP+0+0+0+0+0+0+0+0+0+0+0+0+0+0+1/8*F(1,2,0,0,0,5,2,2)*i_*rh^2*OP+4*F(1,2,0,0,0,3
    ,2,2)*i_*rh^2*OP+1/8*F(1,2,0,0,0,5,2,2)*i_*rh^2*OP+4*F(1,2,0,0,0,3,2,2)*i_*rh^2*
    OP+4*F(1,2,0,0,0,3,2,2)*i_*rh^2*OP+0+0+0+1/2*F(2,2,0,0,0,6,2,2)*i_*rw^2*rh^2*OP+
    3/2*F(2,2,0,0,1,5,2,2)*i_*rw^2*rh^2*OP+3/2*F(2,2,0,0,2,4,2,2)*i_*rw^2*rh^2*OP+3/
    2*F(2,2,0,0,3,3,2,2)*i_*rw^2*rh^2*OP+3*F(2,2,0,1,2,3,2,2)*i_*rw^2*rh^2*OP+F(2,2,
    0,0,0,6,2,2)*i_*rw^2*rh^2*OP+3*F(2,2,0,0,1,5,2,2)*i_*rw^2*rh^2*OP+3*F(2,2,0,0,2,
    4,2,2)*i_*rw^2*rh^2*OP+3*F(2,2,0,0,3,3,2,2)*i_*rw^2*rh^2*OP+6*F(2,2,0,1,2,3,2,2)
    *i_*rw^2*rh^2*OP+8*F(2,2,0,0,0,4,2,2)*i_*rw^2*rh^2*OP+48*F(2,2,0,0,1,3,2,2)*i_*r
    w^2*rh^2*OP+24*F(2,2,0,0,2,2,2,2)*i_*rw^2*rh^2*OP+48*F(2,2,0,1,1,2,2,2)*i_*rw^2*
    rh^2*OP+1/2*F(2,2,0,0,0,6,2,2)*i_*rw^2*rh^2*OP+3/2*F(2,2,0,0,1,5,2,2)*i_*rw^2*rh
    ^2*OP+3/2*F(2,2,0,0,2,4,2,2)*i_*rw^2*rh^2*OP+3/2*F(2,2,0,0,3,3,2,2)*i_*rw^2*rh^2
    *OP+3*F(2,2,0,1,2,3,2,2)*i_*rw^2*rh^2*OP+16*F(2,2,0,0,0,4,2,2)*i_*rw^2*rh^2*OP+9
    6*F(2,2,0,0,1,3,2,2)*i_*rw^2*rh^2*OP+48*F(2,2,0,0,2,2,2,2)*i_*rw^2*rh^2*OP+96*F(
    2,2,0,1,1,2,2,2)*i_*rw^2*rh^2*OP+8*F(2,2,0,0,0,4,2,2)*i_*rw^2*rh^2*OP+48*F(2,2,0
    ,0,1,3,2,2)*i_*rw^2*rh^2*OP+24*F(2,2,0,0,2,2,2,2)*i_*rw^2*rh^2*OP+48*F(2,2,0,1,1
    ,2,2,2)*i_*rw^2*rh^2*OP+F(2,2,0,0,0,6,2,2)*i_*rw^2*rh^2*OP+3*F(2,2,0,0,1,5,2,2)*
    i_*rw^2*rh^2*OP+F(2,2,0,0,0,6,2,2)*i_*rw^2*rh^2*OP+3*F(2,2,0,0,1,5,2,2)*i_*rw^2*
    rh^2*OP+16*F(2,2,0,0,0,4,2,2)*i_*rw^2*rh^2*OP+48*F(2,2,0,0,1,3,2,2)*i_*rw^2*rh^2
    *OP+16*F(2,2,0,0,0,4,2,2)*i_*rw^2*rh^2*OP+48*F(2,2,0,0,1,3,2,2)*i_*rw^2*rh^2*OP+
    0+0+0+0+0+0+1/8*F(2,2,0,0,0,7,2,2)*i_*rh^2*OP+3/8*F(2,2,0,0,3,4,2,2)*i_*rh^2*OP+
    F(2,2,0,0,0,5,2,2)*i_*rh^2*OP+3*F(2,2,0,0,2,3,2,2)*i_*rh^2*OP+6*F(2,2,0,0,0,5,2,
    2)*i_*rh^2*OP+18*F(2,2,0,0,2,3,2,2)*i_*rh^2*OP+2*F(2,2,0,0,0,5,2,2)*i_*rh^2*OP+6
    *F(2,2,0,0,1,4,2,2)*i_*rh^2*OP+16*F(2,2,0,0,0,3,2,2)*i_*rh^2*OP+48*F(2,2,0,0,1,2
    ,2,2)*i_*rh^2*OP+3*F(2,2,0,0,0,5,2,2)*i_*rh^2*OP+9*F(2,2,0,0,2,3,2,2)*i_*rh^2*OP
    +4*F(2,2,0,0,0,5,2,2)*i_*rh^2*OP+12*F(2,2,0,0,2,3,2,2)*i_*rh^2*OP+32*F(2,2,0,0,0
    ,3,2,2)*i_*rh^2*OP+96*F(2,2,0,0,1,2,2,2)*i_*rh^2*OP+48*F(2,2,0,0,0,3,2,2)*i_*rh^
    2*OP+144*F(2,2,0,0,1,2,2,2)*i_*rh^2*OP+1/8*F(2,2,0,0,0,7,2,2)*i_*rh^2*OP+4*F(2,2
    ,0,0,0,5,2,2)*i_*rh^2*OP+10*F(2,2,0,0,0,5,2,2)*i_*rh^2*OP+32*F(2,2,0,0,0,3,2,2)*
    i_*rh^2*OP+2*F(2,2,0,0,0,5,2,2)*i_*rh^2*OP+64*F(2,2,0,0,0,3,2,2)*i_*rh^2*OP+0+0+
    0+0+0+0+0+0+1/4*F(1,2,0,0,0,5,2,2)*i_*rh^2*OP+2*F(1,2,0,0,0,3,2,2)*i_*rh^2*OP+12
    *F(1,2,0,0,0,3,2,2)*i_*rh^2*OP+1/4*F(1,2,0,0,0,5,2,2)*i_*rh^2*OP+12*F(1,2,0,0,0,
    3,2,2)*i_*rh^2*OP+32*c(1,2,0,0,0,1,2,2)*B(0,3,0,0,0,1)*i_*rh^2*OP+32*J(1,2,0,0,0
    ,1,2,2)*i_*rh^2*OP+10*F(1,2,0,0,0,3,2,2)*i_*rh^2*OP+32*c(1,2,0,0,0,1,2,2)*B(0,3,
    0,0,0,1)*i_*rh^2*OP+32*J(1,2,0,0,0,1,2,2)*i_*rh^2*OP+0+0+0+0+0+0+0+0+0+0+0+F(2,2
    ,0,0,0,6,2,2)*i_*rw^2*rh^2*OP+3*F(2,2,0,0,1,5,2,2)*i_*rw^2*rh^2*OP+3*F(2,2,0,0,2
    ,4,2,2)*i_*rw^2*rh^2*OP+3*F(2,2,0,0,3,3,2,2)*i_*rw^2*rh^2*OP+6*F(2,2,0,1,2,3,2,2
    )*i_*rw^2*rh^2*OP+F(2,2,0,0,0,6,2,2)*i_*rw^2*rh^2*OP+3*F(2,2,0,0,1,5,2,2)*i_*rw^
    2*rh^2*OP+3*F(2,2,0,0,2,4,2,2)*i_*rw^2*rh^2*OP+3*F(2,2,0,0,3,3,2,2)*i_*rw^2*rh^2
    *OP+6*F(2,2,0,1,2,3,2,2)*i_*rw^2*rh^2*OP+2*F(2,2,0,0,0,6,2,2)*i_*rw^2*rh^2*OP+12
    *F(2,2,0,0,1,5,2,2)*i_*rw^2*rh^2*OP+6*F(2,2,0,0,2,4,2,2)*i_*rw^2*rh^2*OP+12*F(2,
    2,0,1,1,4,2,2)*i_*rw^2*rh^2*OP+32*F(2,2,0,0,0,4,2,2)*i_*rw^2*rh^2*OP+192*F(2,2,0
    ,0,1,3,2,2)*i_*rw^2*rh^2*OP+96*F(2,2,0,0,2,2,2,2)*i_*rw^2*rh^2*OP+192*F(2,2,0,1,
    1,2,2,2)*i_*rw^2*rh^2*OP+16*F(2,2,0,0,0,4,2,2)*i_*rw^2*DIM*rh^2*OP+48*F(2,2,0,0,
    1,3,2,2)*i_*rw^2*DIM*rh^2*OP+16*F(2,2,0,0,0,4,2,2)*i_*rw^2*DIM*rh^2*OP+48*F(2,2,
    0,0,1,3,2,2)*i_*rw^2*DIM*rh^2*OP+0+0+0+0+0+1/4*F(2,2,0,0,0,7,2,2)*i_*rh^2*OP+3/4
    *F(2,2,0,0,2,5,2,2)*i_*rh^2*OP+2*F(2,2,0,0,0,5,2,2)*i_*rh^2*OP+6*F(2,2,0,0,2,3,2
    ,2)*i_*rh^2*OP+6*F(2,2,0,0,0,5,2,2)*i_*rh^2*OP+18*F(2,2,0,0,2,3,2,2)*i_*rh^2*OP+
    12*F(2,2,0,0,0,5,2,2)*i_*rh^2*OP+36*F(2,2,0,0,1,4,2,2)*i_*rh^2*OP+8*F(2,2,0,0,0,
    5,2,2)*i_*rh^2*OP+24*F(2,2,0,0,1,4,2,2)*i_*rh^2*OP+64*F(2,2,0,0,0,3,2,2)*i_*rh^2
    *OP+192*F(2,2,0,0,1,2,2,2)*i_*rh^2*OP+4*F(2,2,0,0,0,5,2,2)*i_*DIM*rh^2*OP+32*F(2
    ,2,0,0,0,3,2,2)*i_*DIM*rh^2*OP+96*F(2,2,0,0,0,3,2,2)*i_*DIM*rh^2*OP+0+0+0+0+0+0+
    0+0+1/2*F(2,2,0,0,0,7,2,2)*i_*rw^2*rh^2*OP+3/2*F(2,2,0,0,1,6,2,2)*i_*rw^2*rh^2*O
    P+24*F(2,2,0,0,0,5,2,2)*i_*rw^2*rh^2*OP+72*F(2,2,0,0,1,4,2,2)*i_*rw^2*rh^2*OP+1/
    4*F(2,2,0,0,0,7,2,2)*i_*rw^2*rh^2*OP+3/4*F(2,2,0,0,1,6,2,2)*i_*rw^2*rh^2*OP+36*F
    (2,2,0,0,0,5,2,2)*i_*rw^2*rh^2*OP+108*F(2,2,0,0,1,4,2,2)*i_*rw^2*rh^2*OP+12*F(2,
    2,0,0,0,5,2,2)*i_*rw^2*rh^2*OP+36*F(2,2,0,0,1,4,2,2)*i_*rw^2*rh^2*OP+192*F(2,2,0
    ,0,0,3,2,2)*i_*rw^2*rh^2*OP+576*F(2,2,0,0,1,2,2,2)*i_*rw^2*rh^2*OP+0+0+0+0+0+0+3
    *F(2,2,0,0,0,6,2,2)*i_*rh^2*OP+6*F(2,2,0,0,0,6,2,2)*i_*rh^2*OP+48*F(2,2,0,0,0,4,
    2,2)*i_*rh^2*OP+7/2*F(2,2,0,0,0,6,2,2)*i_*rh^2*OP+184*F(2,2,0,0,0,4,2,2)*i_*rh^2
    *OP+F(2,2,0,0,0,6,2,2)*i_*rh^2*OP+104*F(2,2,0,0,0,4,2,2)*i_*rh^2*OP+384*c(2,2,0,
    0,0,2,2,2)*B(0,4,0,0,0,2)*i_*rh^2*OP+384*J(2,2,0,0,0,2,2,2)*i_*rh^2*OP+0+0+0+0+0
    +0+0+0+0-(1/2*F(1,2,0,0,0,4,2,2)*i_*rw^2*rh^2*OP+3*F(1,2,0,0,1,3,2,2)*i_*rw^2*rh
    ^2*OP+3/2*F(1,2,0,0,2,2,2,2)*i_*rw^2*rh^2*OP+3*F(1,2,0,1,1,2,2,2)*i_*rw^2*rh^2*O
    P)-(1/2*F(1,2,0,0,0,4,2,2)*i_*rw^2*rh^2*OP+3*F(1,2,0,0,1,3,2,2)*i_*rw^2*rh^2*OP+
    3/2*F(1,2,0,0,2,2,2,2)*i_*rw^2*rh^2*OP+3*F(1,2,0,1,1,2,2,2)*i_*rw^2*rh^2*OP)-(1/
    2*F(1,2,0,0,0,4,2,2)*i_*rw^2*rh^2*OP+3*F(1,2,0,0,1,3,2,2)*i_*rw^2*rh^2*OP+3/2*F(
    1,2,0,0,2,2,2,2)*i_*rw^2*rh^2*OP+3*F(1,2,0,1,1,2,2,2)*i_*rw^2*rh^2*OP)-(32*F(1,2
    ,0,0,0,2,2,2)*i_*rw^2*rh^2*OP+96*F(1,2,0,0,1,1,2,2)*i_*rw^2*rh^2*OP)-(1/2*F(1,2,
    0,0,0,4,2,2)*i_*rw^2*rh^2*OP+3*F(1,2,0,0,1,3,2,2)*i_*rw^2*rh^2*OP+3/2*F(1,2,0,0,
    2,2,2,2)*i_*rw^2*rh^2*OP+3*F(1,2,0,1,1,2,2,2)*i_*rw^2*rh^2*OP)-(1/2*F(1,2,0,0,0,
    4,2,2)*i_*rw^2*rh^2*OP+3*F(1,2,0,0,1,3,2,2)*i_*rw^2*rh^2*OP+3/2*F(1,2,0,0,2,2,2,
    2)*i_*rw^2*rh^2*OP+3*F(1,2,0,1,1,2,2,2)*i_*rw^2*rh^2*OP)-(1/2*F(1,2,0,0,0,4,2,2)
    *i_*rw^2*rh^2*OP+3*F(1,2,0,0,1,3,2,2)*i_*rw^2*rh^2*OP+3/2*F(1,2,0,0,2,2,2,2)*i_*
    rw^2*rh^2*OP+3*F(1,2,0,1,1,2,2,2)*i_*rw^2*rh^2*OP)-(32*F(1,2,0,0,0,2,2,2)*i_*rw^
    2*rh^2*OP+96*F(1,2,0,0,1,1,2,2)*i_*rw^2*rh^2*OP)-(1/8*F(1,2,0,0,0,5,2,2)*i_*rw^2
    *rh^2*OP+3/8*F(1,2,0,0,1,4,2,2)*i_*rw^2*rh^2*OP)-(4*F(1,2,0,0,0,3,2,2)*i_*rw^2*r
    h^2*OP+12*F(1,2,0,0,1,2,2,2)*i_*rw^2*rh^2*OP)-(1/8*F(1,2,0,0,0,5,2,2)*i_*rw^2*rh
    ^2*OP+3/8*F(1,2,0,0,1,4,2,2)*i_*rw^2*rh^2*OP)-(4*F(1,2,0,0,0,3,2,2)*i_*rw^2*rh^2
    *OP+12*F(1,2,0,0,1,2,2,2)*i_*rw^2*rh^2*OP)-(4*F(1,2,0,0,0,3,2,2)*i_*rw^2*rh^2*OP
    +12*F(1,2,0,0,1,2,2,2)*i_*rw^2*rh^2*OP)-(1/8*F(1,2,0,0,0,5,2,2)*i_*rw^2*rh^2*OP+
    3/8*F(1,2,0,0,1,4,2,2)*i_*rw^2*rh^2*OP)-(4*F(1,2,0,0,0,3,2,2)*i_*rw^2*rh^2*OP+12
    *F(1,2,0,0,1,2,2,2)*i_*rw^2*rh^2*OP)-(1/8*F(1,2,0,0,0,5,2,2)*i_*rw^2*rh^2*OP+3/8
    *F(1,2,0,0,1,4,2,2)*i_*rw^2*rh^2*OP)-(4*F(1,2,0,0,0,3,2,2)*i_*rw^2*rh^2*OP+12*F(
    1,2,0,0,1,2,2,2)*i_*rw^2*rh^2*OP)-(4*F(1,2,0,0,0,3,2,2)*i_*rw^2*rh^2*OP+12*F(1,2
    ,0,0,1,2,2,2)*i_*rw^2*rh^2*OP)-(1/2*F(1,2,0,0,0,4,2,2)*i_*rw^2*rh^2*OP+3*F(1,2,0
    ,0,1,3,2,2)*i_*rw^2*rh^2*OP+3/2*F(1,2,0,0,2,2,2,2)*i_*rw^2*rh^2*OP+3*F(1,2,0,1,1
    ,2,2,2)*i_*rw^2*rh^2*OP)-(1/2*F(1,2,0,0,0,4,2,2)*i_*rw^2*rh^2*OP+3*F(1,2,0,0,1,3
    ,2,2)*i_*rw^2*rh^2*OP+3/2*F(1,2,0,0,2,2,2,2)*i_*rw^2*rh^2*OP+3*F(1,2,0,1,1,2,2,2
    )*i_*rw^2*rh^2*OP)-(1/2*F(1,2,0,0,0,4,2,2)*i_*rw^2*rh^2*OP+3*F(1,2,0,0,1,3,2,2)*
    i_*rw^2*rh^2*OP+3/2*F(1,2,0,0,2,2,2,2)*i_*rw^2*rh^2*OP+3*F(1,2,0,1,1,2,2,2)*i_*r
    w^2*rh^2*OP)-(32*F(1,2,0,0,0,2,2,2)*i_*rw^2*rh^2*OP+96*F(1,2,0,0,1,1,2,2)*i_*rw^
    2*rh^2*OP)-(1/8*F(1,2,0,0,0,5,2,2)*i_*rw^2*rh^2*OP+3/8*F(1,2,0,0,1,4,2,2)*i_*rw^
    2*rh^2*OP)-(4*F(1,2,0,0,0,3,2,2)*i_*rw^2*rh^2*OP+12*F(1,2,0,0,1,2,2,2)*i_*rw^2*r
    h^2*OP)-(1/8*F(1,2,0,0,0,5,2,2)*i_*rw^2*rh^2*OP+3/8*F(1,2,0,0,1,4,2,2)*i_*rw^2*r
    h^2*OP)-(4*F(1,2,0,0,0,3,2,2)*i_*rw^2*rh^2*OP+12*F(1,2,0,0,1,2,2,2)*i_*rw^2*rh^2
    *OP)-(4*F(1,2,0,0,0,3,2,2)*i_*rw^2*rh^2*OP+12*F(1,2,0,0,1,2,2,2)*i_*rw^2*rh^2*OP
    )-(1/2*F(1,2,0,0,0,4,2,2)*i_*rw^2*rh^2*OP+3*F(1,2,0,0,1,3,2,2)*i_*rw^2*rh^2*OP+3
    /2*F(1,2,0,0,2,2,2,2)*i_*rw^2*rh^2*OP+3*F(1,2,0,1,1,2,2,2)*i_*rw^2*rh^2*OP)-(1/2
    *F(1,2,0,0,0,4,2,2)*i_*rw^2*rh^2*OP+3*F(1,2,0,0,1,3,2,2)*i_*rw^2*rh^2*OP+3/2*F(1
    ,2,0,0,2,2,2,2)*i_*rw^2*rh^2*OP+3*F(1,2,0,1,1,2,2,2)*i_*rw^2*rh^2*OP)-(1/2*F(1,2
    ,0,0,0,4,2,2)*i_*rw^2*rh^2*OP+3*F(1,2,0,0,1,3,2,2)*i_*rw^2*rh^2*OP+3/2*F(1,2,0,0
    ,2,2,2,2)*i_*rw^2*rh^2*OP+3*F(1,2,0,1,1,2,2,2)*i_*rw^2*rh^2*OP)-(32*F(1,2,0,0,0,
    2,2,2)*i_*rw^2*rh^2*OP+96*F(1,2,0,0,1,1,2,2)*i_*rw^2*rh^2*OP)-(0)-(0)-(0)-(1/8*F
    (1,2,0,0,0,5,2,2)*i_*rw^2*rh^2*OP+3/8*F(1,2,0,0,1,4,2,2)*i_*rw^2*rh^2*OP)-(4*F(1
    ,2,0,0,0,3,2,2)*i_*rw^2*rh^2*OP+12*F(1,2,0,0,1,2,2,2)*i_*rw^2*rh^2*OP)-(1/8*F(1,
    2,0,0,0,5,2,2)*i_*rw^2*rh^2*OP+3/8*F(1,2,0,0,1,4,2,2)*i_*rw^2*rh^2*OP)-(4*F(1,2,
    0,0,0,3,2,2)*i_*rw^2*rh^2*OP+12*F(1,2,0,0,1,2,2,2)*i_*rw^2*rh^2*OP)-(4*F(1,2,0,0
    ,0,3,2,2)*i_*rw^2*rh^2*OP+12*F(1,2,0,0,1,2,2,2)*i_*rw^2*rh^2*OP)-(0)-(0)-(0)-(1/
    8*F(1,2,0,0,0,5,2,2)*i_*rh^2*OP+3/8*F(1,2,0,0,2,3,2,2)*i_*rh^2*OP)-(2*F(1,2,0,0,
    0,3,2,2)*i_*rh^2*OP+6*F(1,2,0,0,1,2,2,2)*i_*rh^2*OP)-(2*F(1,2,0,0,0,3,2,2)*i_*rh
    ^2*OP+6*F(1,2,0,0,1,2,2,2)*i_*rh^2*OP)-(2*F(1,2,0,0,0,3,2,2)*i_*rh^2*OP+6*F(1,2,
    0,0,1,2,2,2)*i_*rh^2*OP)-(1/8*F(1,2,0,0,0,5,2,2)*i_*rh^2*OP+3/8*F(1,2,0,0,2,3,2,
    2)*i_*rh^2*OP)-(2*F(1,2,0,0,0,3,2,2)*i_*rh^2*OP+6*F(1,2,0,0,1,2,2,2)*i_*rh^2*OP)
    -(2*F(1,2,0,0,0,3,2,2)*i_*rh^2*OP+6*F(1,2,0,0,1,2,2,2)*i_*rh^2*OP)-(2*F(1,2,0,0,
    0,3,2,2)*i_*rh^2*OP+6*F(1,2,0,0,1,2,2,2)*i_*rh^2*OP)-(1/2*F(1,2,0,0,0,4,2,2)*i_*
    rh^2*OP)-(F(1,2,0,0,0,4,2,2)*i_*rh^2*OP)-(F(1,2,0,0,0,4,2,2)*i_*rh^2*OP)-(8*F(1,
    2,0,0,0,2,2,2)*i_*rh^2*OP)-(1/2*F(1,2,0,0,0,4,2,2)*i_*rh^2*OP)-(8*F(1,2,0,0,0,2,
    2,2)*i_*rh^2*OP)-(1/2*F(1,2,0,0,0,4,2,2)*i_*rh^2*OP)-(F(1,2,0,0,0,4,2,2)*i_*rh^2
    *OP)-(F(1,2,0,0,0,4,2,2)*i_*rh^2*OP)-(8*F(1,2,0,0,0,2,2,2)*i_*rh^2*OP)-(1/2*F(1,
    2,0,0,0,4,2,2)*i_*rh^2*OP)-(8*F(1,2,0,0,0,2,2,2)*i_*rh^2*OP)-(1/8*F(1,2,0,0,0,5,
    2,2)*i_*rh^2*OP+3/8*F(1,2,0,0,2,3,2,2)*i_*rh^2*OP)-(2*F(1,2,0,0,0,3,2,2)*i_*rh^2
    *OP+6*F(1,2,0,0,1,2,2,2)*i_*rh^2*OP)-(2*F(1,2,0,0,0,3,2,2)*i_*rh^2*OP+6*F(1,2,0,
    0,1,2,2,2)*i_*rh^2*OP)-(2*F(1,2,0,0,0,3,2,2)*i_*rh^2*OP+6*F(1,2,0,0,1,2,2,2)*i_*
    rh^2*OP)-(F(2,2,0,0,0,6,2,2)*i_*rw^2*rh^2*OP+3*F(2,2,0,0,1,5,2,2)*i_*rw^2*rh^2*O
    P+3*F(2,2,0,0,2,4,2,2)*i_*rw^2*rh^2*OP+3*F(2,2,0,0,3,3,2,2)*i_*rw^2*rh^2*OP+6*F(
    2,2,0,1,2,3,2,2)*i_*rw^2*rh^2*OP)-(1/2*F(2,2,0,0,0,6,2,2)*i_*rw^2*rh^2*OP+3*F(2,
    2,0,0,1,5,2,2)*i_*rw^2*rh^2*OP+3/2*F(2,2,0,0,2,4,2,2)*i_*rw^2*rh^2*OP+3*F(2,2,0,
    1,1,4,2,2)*i_*rw^2*rh^2*OP)-(8*F(2,2,0,0,0,4,2,2)*i_*rw^2*rh^2*OP+48*F(2,2,0,0,1
    ,3,2,2)*i_*rw^2*rh^2*OP+24*F(2,2,0,0,2,2,2,2)*i_*rw^2*rh^2*OP+48*F(2,2,0,1,1,2,2
    ,2)*i_*rw^2*rh^2*OP)-(1/2*F(2,2,0,0,0,6,2,2)*i_*rw^2*rh^2*OP+3/2*F(2,2,0,0,1,5,2
    ,2)*i_*rw^2*rh^2*OP+3/2*F(2,2,0,0,2,4,2,2)*i_*rw^2*rh^2*OP+3/2*F(2,2,0,0,3,3,2,2
    )*i_*rw^2*rh^2*OP+3*F(2,2,0,1,2,3,2,2)*i_*rw^2*rh^2*OP)-(8*F(2,2,0,0,0,4,2,2)*i_
    *rw^2*rh^2*OP+48*F(2,2,0,0,1,3,2,2)*i_*rw^2*rh^2*OP+24*F(2,2,0,0,2,2,2,2)*i_*rw^
    2*rh^2*OP+48*F(2,2,0,1,1,2,2,2)*i_*rw^2*rh^2*OP)-(16*F(2,2,0,0,0,4,2,2)*i_*rw^2*
    rh^2*OP+96*F(2,2,0,0,1,3,2,2)*i_*rw^2*rh^2*OP+48*F(2,2,0,0,2,2,2,2)*i_*rw^2*rh^2
    *OP+96*F(2,2,0,1,1,2,2,2)*i_*rw^2*rh^2*OP)-(1/8*F(2,2,0,0,0,7,2,2)*i_*rh^2*OP+3/
    8*F(2,2,0,0,2,5,2,2)*i_*rh^2*OP)-(4*F(2,2,0,0,0,5,2,2)*i_*rh^2*OP+12*F(2,2,0,0,2
    ,3,2,2)*i_*rh^2*OP)-(5*F(2,2,0,0,0,5,2,2)*i_*rh^2*OP+15*F(2,2,0,0,1,4,2,2)*i_*rh
    ^2*OP)-(16*F(2,2,0,0,0,3,2,2)*i_*rh^2*OP+48*F(2,2,0,0,1,2,2,2)*i_*rh^2*OP)-(5*F(
    2,2,0,0,0,5,2,2)*i_*rh^2*OP+15*F(2,2,0,0,2,3,2,2)*i_*rh^2*OP)-(16*F(2,2,0,0,0,3,
    2,2)*i_*rh^2*OP+48*F(2,2,0,0,1,2,2,2)*i_*rh^2*OP)-(2*F(2,2,0,0,0,5,2,2)*i_*rh^2*
    OP+6*F(2,2,0,0,1,4,2,2)*i_*rh^2*OP)-(64*F(2,2,0,0,0,3,2,2)*i_*rh^2*OP+192*F(2,2,
    0,0,1,2,2,2)*i_*rh^2*OP)-(1/4*F(1,2,0,0,0,5,2,2)*i_*rh^2*OP+3/4*F(1,2,0,0,2,3,2,
    2)*i_*rh^2*OP)-(2*F(1,2,0,0,0,3,2,2)*i_*rh^2*OP+6*F(1,2,0,0,1,2,2,2)*i_*rh^2*OP)
    -(6*F(1,2,0,0,0,3,2,2)*i_*rh^2*OP+18*F(1,2,0,0,1,2,2,2)*i_*rh^2*OP)-(6*F(1,2,0,0
    ,0,3,2,2)*i_*rh^2*OP+18*F(1,2,0,0,1,2,2,2)*i_*rh^2*OP)-(4*F(1,2,0,0,0,3,2,2)*i_*
    rh^2*OP+12*F(1,2,0,0,1,2,2,2)*i_*rh^2*OP)-(128*c(1,2,0,0,0,1,2,2)*B(0,3,0,0,0,1)
    *i_*rh^2*OP+128*J(1,2,0,0,0,1,2,2)*i_*rh^2*OP)-(1/2*F(1,2,0,0,0,4,2,2)*i_*rh^2*O
    P)-(F(1,2,0,0,0,4,2,2)*i_*rh^2*OP)-(F(1,2,0,0,0,4,2,2)*i_*rh^2*OP)-(8*F(1,2,0,0,
    0,2,2,2)*i_*rh^2*OP)-(1/2*F(1,2,0,0,0,4,2,2)*i_*rh^2*OP)-(8*F(1,2,0,0,0,2,2,2)*i
    _*rh^2*OP)-(1/8*F(2,2,0,0,0,7,2,2)*i_*rw^2*rh^2*OP+3/8*F(2,2,0,0,1,6,2,2)*i_*rw^
    2*rh^2*OP+3/4*F(2,2,0,0,3,4,2,2)*i_*rw^2*rh^2*OP+3/4*F(2,2,0,1,3,3,2,2)*i_*rw^2*
    rh^2*OP)-(4*F(2,2,0,0,0,5,2,2)*i_*rw^2*rh^2*OP+12*F(2,2,0,0,1,4,2,2)*i_*rw^2*rh^
    2*OP+24*F(2,2,0,0,2,3,2,2)*i_*rw^2*rh^2*OP+24*F(2,2,0,1,2,2,2,2)*i_*rw^2*rh^2*OP
    )-(2*F(2,2,0,0,0,5,2,2)*i_*rw^2*rh^2*OP+12*F(2,2,0,0,1,4,2,2)*i_*rw^2*rh^2*OP+6*
    F(2,2,0,0,2,3,2,2)*i_*rw^2*rh^2*OP+12*F(2,2,0,1,1,3,2,2)*i_*rw^2*rh^2*OP)-(2*F(2
    ,2,0,0,0,5,2,2)*i_*rw^2*rh^2*OP+12*F(2,2,0,0,1,4,2,2)*i_*rw^2*rh^2*OP+6*F(2,2,0,
    0,2,3,2,2)*i_*rw^2*rh^2*OP+12*F(2,2,0,1,1,3,2,2)*i_*rw^2*rh^2*OP)-(4*F(2,2,0,0,0
    ,5,2,2)*i_*rw^2*rh^2*OP+12*F(2,2,0,0,1,4,2,2)*i_*rw^2*rh^2*OP+24*F(2,2,0,0,2,3,2
    ,2)*i_*rw^2*rh^2*OP+24*F(2,2,0,1,2,2,2,2)*i_*rw^2*rh^2*OP)-(32*F(2,2,0,0,0,3,2,2
    )*i_*rw^2*rh^2*OP+288*F(2,2,0,0,1,2,2,2)*i_*rw^2*rh^2*OP+192*F(2,2,0,1,1,1,2,2)*
    i_*rw^2*rh^2*OP)-(1/8*F(2,2,0,0,0,7,2,2)*i_*rw^2*rh^2*OP+3/8*F(2,2,0,0,1,6,2,2)*
    i_*rw^2*rh^2*OP)-(2*F(2,2,0,0,0,5,2,2)*i_*rw^2*rh^2*OP+6*F(2,2,0,0,1,4,2,2)*i_*r
    w^2*rh^2*OP)-(8*F(2,2,0,0,0,5,2,2)*i_*rw^2*rh^2*OP+24*F(2,2,0,0,1,4,2,2)*i_*rw^2
    *rh^2*OP)-(2*F(2,2,0,0,0,5,2,2)*i_*rw^2*rh^2*OP+6*F(2,2,0,0,1,4,2,2)*i_*rw^2*rh^
    2*OP)-(32*F(2,2,0,0,0,3,2,2)*i_*rw^2*rh^2*OP+96*F(2,2,0,0,1,2,2,2)*i_*rw^2*rh^2*
    OP)-(3/4*F(2,2,0,0,0,6,2,2)*i_*rh^2*OP+9/4*F(2,2,0,0,3,3,2,2)*i_*rh^2*OP)-(F(2,2
    ,0,0,0,6,2,2)*i_*rh^2*OP+3*F(2,2,0,0,2,4,2,2)*i_*rh^2*OP)-(8*F(2,2,0,0,0,4,2,2)*
    i_*rh^2*OP+24*F(2,2,0,0,2,2,2,2)*i_*rh^2*OP)-(12*F(2,2,0,0,0,4,2,2)*i_*rh^2*OP+3
    6*F(2,2,0,0,1,3,2,2)*i_*rh^2*OP)-(1/2*F(2,2,0,0,0,6,2,2)*i_*rh^2*OP+3/2*F(2,2,0,
    0,3,3,2,2)*i_*rh^2*OP)-(4*F(2,2,0,0,0,4,2,2)*i_*rh^2*OP+12*F(2,2,0,0,1,3,2,2)*i_
    *rh^2*OP)-(24*F(2,2,0,0,0,4,2,2)*i_*rh^2*OP+72*F(2,2,0,0,2,2,2,2)*i_*rh^2*OP)-(8
    *F(2,2,0,0,0,4,2,2)*i_*rh^2*OP+24*F(2,2,0,0,1,3,2,2)*i_*rh^2*OP)-(64*c(2,2,0,0,0
    ,2,2,2)*B(0,4,0,0,0,2)*i_*rh^2*OP+192*c(2,2,0,0,1,1,2,2)*B(0,4,0,0,1,1)*i_*rh^2*
    OP+64*J(2,2,0,0,0,2,2,2)*i_*rh^2*OP+192*J(2,2,0,0,1,1,2,2)*i_*rh^2*OP)-(5/4*F(2,
    2,0,0,0,6,2,2)*i_*rh^2*OP)-(4*F(2,2,0,0,0,4,2,2)*i_*rh^2*OP)-(F(2,2,0,0,0,6,2,2)
    *i_*rh^2*OP)-(32*F(2,2,0,0,0,4,2,2)*i_*rh^2*OP)-(20*F(2,2,0,0,0,4,2,2)*i_*rh^2*O
    P)-(64*c(2,2,0,0,0,2,2,2)*B(0,4,0,0,0,2)*i_*rh^2*OP+64*J(2,2,0,0,0,2,2,2)*i_*rh^
    2*OP)-(3/2*F(1,2,0,0,0,4,2,2)*i_*rh^2*OP)-(2*F(1,2,0,0,0,4,2,2)*i_*rh^2*OP)-(16*
    F(1,2,0,0,0,2,2,2)*i_*rh^2*OP)-(5/2*F(1,2,0,0,0,4,2,2)*i_*rh^2*OP)-(32*F(1,2,0,0
    ,0,2,2,2)*i_*rh^2*OP)-(F(1,2,0,0,0,4,2,2)*i_*rh^2*OP)-(32*F(1,2,0,0,0,2,2,2)*i_*
    rh^2*OP)-(1/8*F(1,2,0,0,0,5,2,2)*i_*rh^2*OP+3/8*F(1,2,0,0,2,3,2,2)*i_*rh^2*OP)-(
    2*F(1,2,0,0,0,3,2,2)*i_*rh^2*OP+6*F(1,2,0,0,1,2,2,2)*i_*rh^2*OP)-(2*F(1,2,0,0,0,
    3,2,2)*i_*rh^2*OP+6*F(1,2,0,0,1,2,2,2)*i_*rh^2*OP)-(2*F(1,2,0,0,0,3,2,2)*i_*rh^2
    *OP+6*F(1,2,0,0,1,2,2,2)*i_*rh^2*OP)-(F(2,2,0,0,0,6,2,2)*i_*rw^2*rh^2*OP+3*F(2,2
    ,0,0,1,5,2,2)*i_*rw^2*rh^2*OP+3*F(2,2,0,0,2,4,2,2)*i_*rw^2*rh^2*OP+3*F(2,2,0,0,3
    ,3,2,2)*i_*rw^2*rh^2*OP+6*F(2,2,0,1,2,3,2,2)*i_*rw^2*rh^2*OP)-(1/2*F(2,2,0,0,0,6
    ,2,2)*i_*rw^2*rh^2*OP+3*F(2,2,0,0,1,5,2,2)*i_*rw^2*rh^2*OP+3/2*F(2,2,0,0,2,4,2,2
    )*i_*rw^2*rh^2*OP+3*F(2,2,0,1,1,4,2,2)*i_*rw^2*rh^2*OP)-(8*F(2,2,0,0,0,4,2,2)*i_
    *rw^2*rh^2*OP+48*F(2,2,0,0,1,3,2,2)*i_*rw^2*rh^2*OP+24*F(2,2,0,0,2,2,2,2)*i_*rw^
    2*rh^2*OP+48*F(2,2,0,1,1,2,2,2)*i_*rw^2*rh^2*OP)-(1/2*F(2,2,0,0,0,6,2,2)*i_*rw^2
    *rh^2*OP+3/2*F(2,2,0,0,1,5,2,2)*i_*rw^2*rh^2*OP+3/2*F(2,2,0,0,2,4,2,2)*i_*rw^2*r
    h^2*OP+3/2*F(2,2,0,0,3,3,2,2)*i_*rw^2*rh^2*OP+3*F(2,2,0,1,2,3,2,2)*i_*rw^2*rh^2*
    OP)-(8*F(2,2,0,0,0,4,2,2)*i_*rw^2*rh^2*OP+48*F(2,2,0,0,1,3,2,2)*i_*rw^2*rh^2*OP+
    24*F(2,2,0,0,2,2,2,2)*i_*rw^2*rh^2*OP+48*F(2,2,0,1,1,2,2,2)*i_*rw^2*rh^2*OP)-(16
    *F(2,2,0,0,0,4,2,2)*i_*rw^2*rh^2*OP+96*F(2,2,0,0,1,3,2,2)*i_*rw^2*rh^2*OP+48*F(2
    ,2,0,0,2,2,2,2)*i_*rw^2*rh^2*OP+96*F(2,2,0,1,1,2,2,2)*i_*rw^2*rh^2*OP)-(0)-(0)-(
    0)-(0)-(0)-(0)-(0)-(0)-(1/8*F(2,2,0,0,0,7,2,2)*i_*rh^2*OP+3/8*F(2,2,0,0,2,5,2,2)
    *i_*rh^2*OP)-(4*F(2,2,0,0,0,5,2,2)*i_*rh^2*OP+12*F(2,2,0,0,2,3,2,2)*i_*rh^2*OP)-
    (5*F(2,2,0,0,0,5,2,2)*i_*rh^2*OP+15*F(2,2,0,0,1,4,2,2)*i_*rh^2*OP)-(16*F(2,2,0,0
    ,0,3,2,2)*i_*rh^2*OP+48*F(2,2,0,0,1,2,2,2)*i_*rh^2*OP)-(5*F(2,2,0,0,0,5,2,2)*i_*
    rh^2*OP+15*F(2,2,0,0,2,3,2,2)*i_*rh^2*OP)-(16*F(2,2,0,0,0,3,2,2)*i_*rh^2*OP+48*F
    (2,2,0,0,1,2,2,2)*i_*rh^2*OP)-(2*F(2,2,0,0,0,5,2,2)*i_*rh^2*OP+6*F(2,2,0,0,1,4,2
    ,2)*i_*rh^2*OP)-(64*F(2,2,0,0,0,3,2,2)*i_*rh^2*OP+192*F(2,2,0,0,1,2,2,2)*i_*rh^2
    *OP)-(0)-(0)-(0)-(0)-(0)-(0)-(0)-(0)-(0)-(0)-(0)-(0)-(1/4*F(1,2,0,0,0,5,2,2)*i_*
    rh^2*OP+3/4*F(1,2,0,0,2,3,2,2)*i_*rh^2*OP)-(2*F(1,2,0,0,0,3,2,2)*i_*rh^2*OP+6*F(
    1,2,0,0,1,2,2,2)*i_*rh^2*OP)-(6*F(1,2,0,0,0,3,2,2)*i_*rh^2*OP+18*F(1,2,0,0,1,2,2
    ,2)*i_*rh^2*OP)-(6*F(1,2,0,0,0,3,2,2)*i_*rh^2*OP+18*F(1,2,0,0,1,2,2,2)*i_*rh^2*O
    P)-(4*F(1,2,0,0,0,3,2,2)*i_*rh^2*OP+12*F(1,2,0,0,1,2,2,2)*i_*rh^2*OP)-(128*c(1,2
    ,0,0,0,1,2,2)*B(0,3,0,0,0,1)*i_*rh^2*OP+128*J(1,2,0,0,0,1,2,2)*i_*rh^2*OP)-(0)-(
    0)-(0)-(0)-(0)-(0)-(0)-(0)-(0)-(0)-(0)-(0)-(0)-(0)-(1/2*F(1,2,0,0,0,4,2,2)*i_*rh
    ^2*OP)-(F(1,2,0,0,0,4,2,2)*i_*rh^2*OP)-(F(1,2,0,0,0,4,2,2)*i_*rh^2*OP)-(8*F(1,2,
    0,0,0,2,2,2)*i_*rh^2*OP)-(1/2*F(1,2,0,0,0,4,2,2)*i_*rh^2*OP)-(8*F(1,2,0,0,0,2,2,
    2)*i_*rh^2*OP)-(0)-(0)-(0)-(1/8*F(2,2,0,0,0,7,2,2)*i_*rw^2*rh^2*OP+3/8*F(2,2,0,0
    ,1,6,2,2)*i_*rw^2*rh^2*OP+3/4*F(2,2,0,0,3,4,2,2)*i_*rw^2*rh^2*OP+3/4*F(2,2,0,1,3
    ,3,2,2)*i_*rw^2*rh^2*OP)-(4*F(2,2,0,0,0,5,2,2)*i_*rw^2*rh^2*OP+12*F(2,2,0,0,1,4,
    2,2)*i_*rw^2*rh^2*OP+24*F(2,2,0,0,2,3,2,2)*i_*rw^2*rh^2*OP+24*F(2,2,0,1,2,2,2,2)
    *i_*rw^2*rh^2*OP)-(2*F(2,2,0,0,0,5,2,2)*i_*rw^2*rh^2*OP+12*F(2,2,0,0,1,4,2,2)*i_
    *rw^2*rh^2*OP+6*F(2,2,0,0,2,3,2,2)*i_*rw^2*rh^2*OP+12*F(2,2,0,1,1,3,2,2)*i_*rw^2
    *rh^2*OP)-(2*F(2,2,0,0,0,5,2,2)*i_*rw^2*rh^2*OP+12*F(2,2,0,0,1,4,2,2)*i_*rw^2*rh
    ^2*OP+6*F(2,2,0,0,2,3,2,2)*i_*rw^2*rh^2*OP+12*F(2,2,0,1,1,3,2,2)*i_*rw^2*rh^2*OP
    )-(4*F(2,2,0,0,0,5,2,2)*i_*rw^2*rh^2*OP+12*F(2,2,0,0,1,4,2,2)*i_*rw^2*rh^2*OP+24
    *F(2,2,0,0,2,3,2,2)*i_*rw^2*rh^2*OP+24*F(2,2,0,1,2,2,2,2)*i_*rw^2*rh^2*OP)-(32*F
    (2,2,0,0,0,3,2,2)*i_*rw^2*rh^2*OP+288*F(2,2,0,0,1,2,2,2)*i_*rw^2*rh^2*OP+192*F(2
    ,2,0,1,1,1,2,2)*i_*rw^2*rh^2*OP)-(1/8*F(2,2,0,0,0,7,2,2)*i_*rw^2*rh^2*OP+3/8*F(2
    ,2,0,0,1,6,2,2)*i_*rw^2*rh^2*OP)-(2*F(2,2,0,0,0,5,2,2)*i_*rw^2*rh^2*OP+6*F(2,2,0
    ,0,1,4,2,2)*i_*rw^2*rh^2*OP)-(8*F(2,2,0,0,0,5,2,2)*i_*rw^2*rh^2*OP+24*F(2,2,0,0,
    1,4,2,2)*i_*rw^2*rh^2*OP)-(2*F(2,2,0,0,0,5,2,2)*i_*rw^2*rh^2*OP+6*F(2,2,0,0,1,4,
    2,2)*i_*rw^2*rh^2*OP)-(32*F(2,2,0,0,0,3,2,2)*i_*rw^2*rh^2*OP+96*F(2,2,0,0,1,2,2,
    2)*i_*rw^2*rh^2*OP)-(0)-(0)-(0)-(0)-(0)-(0)-(3/4*F(2,2,0,0,0,6,2,2)*i_*rh^2*OP+9
    /4*F(2,2,0,0,3,3,2,2)*i_*rh^2*OP)-(F(2,2,0,0,0,6,2,2)*i_*rh^2*OP+3*F(2,2,0,0,2,4
    ,2,2)*i_*rh^2*OP)-(8*F(2,2,0,0,0,4,2,2)*i_*rh^2*OP+24*F(2,2,0,0,2,2,2,2)*i_*rh^2
    *OP)-(12*F(2,2,0,0,0,4,2,2)*i_*rh^2*OP+36*F(2,2,0,0,1,3,2,2)*i_*rh^2*OP)-(1/2*F(
    2,2,0,0,0,6,2,2)*i_*rh^2*OP+3/2*F(2,2,0,0,3,3,2,2)*i_*rh^2*OP)-(4*F(2,2,0,0,0,4,
    2,2)*i_*rh^2*OP+12*F(2,2,0,0,1,3,2,2)*i_*rh^2*OP)-(24*F(2,2,0,0,0,4,2,2)*i_*rh^2
    *OP+72*F(2,2,0,0,2,2,2,2)*i_*rh^2*OP)-(8*F(2,2,0,0,0,4,2,2)*i_*rh^2*OP+24*F(2,2,
    0,0,1,3,2,2)*i_*rh^2*OP)-(64*c(2,2,0,0,0,2,2,2)*B(0,4,0,0,0,2)*i_*rh^2*OP+192*c(
    2,2,0,0,1,1,2,2)*B(0,4,0,0,1,1)*i_*rh^2*OP+64*J(2,2,0,0,0,2,2,2)*i_*rh^2*OP+192*
    J(2,2,0,0,1,1,2,2)*i_*rh^2*OP)-(5/4*F(2,2,0,0,0,6,2,2)*i_*rh^2*OP)-(4*F(2,2,0,0,
    0,4,2,2)*i_*rh^2*OP)-(F(2,2,0,0,0,6,2,2)*i_*rh^2*OP)-(32*F(2,2,0,0,0,4,2,2)*i_*r
    h^2*OP)-(20*F(2,2,0,0,0,4,2,2)*i_*rh^2*OP)-(64*c(2,2,0,0,0,2,2,2)*B(0,4,0,0,0,2)
    *i_*rh^2*OP+64*J(2,2,0,0,0,2,2,2)*i_*rh^2*OP)-(0)-(0)-(0)-(0)-(0)-(0)-(0)-(0)-(3
    /2*F(1,2,0,0,0,4,2,2)*i_*rh^2*OP)-(2*F(1,2,0,0,0,4,2,2)*i_*rh^2*OP)-(16*F(1,2,0,
    0,0,2,2,2)*i_*rh^2*OP)-(5/2*F(1,2,0,0,0,4,2,2)*i_*rh^2*OP)-(32*F(1,2,0,0,0,2,2,2
    )*i_*rh^2*OP)-(F(1,2,0,0,0,4,2,2)*i_*rh^2*OP)-(32*F(1,2,0,0,0,2,2,2)*i_*rh^2*OP)
    -(0)-(0)-(0)-(0)-(0)-(0)-(0)-(0)-(0)-(0)-(0)-(1/4*F(2,2,0,0,0,7,2,2)*i_*rw^2*rh^
    2*OP+3/4*F(2,2,0,0,1,6,2,2)*i_*rw^2*rh^2*OP+3/4*F(2,2,0,0,2,5,2,2)*i_*rw^2*rh^2*
    OP+3/4*F(2,2,0,0,3,4,2,2)*i_*rw^2*rh^2*OP+3/2*F(2,2,0,1,2,4,2,2)*i_*rw^2*rh^2*OP
    )-(4*F(2,2,0,0,0,5,2,2)*i_*rw^2*rh^2*OP+12*F(2,2,0,0,1,4,2,2)*i_*rw^2*rh^2*OP+24
    *F(2,2,0,0,2,3,2,2)*i_*rw^2*rh^2*OP+24*F(2,2,0,1,2,2,2,2)*i_*rw^2*rh^2*OP)-(8*F(
    2,2,0,0,0,5,2,2)*i_*rw^2*rh^2*OP+48*F(2,2,0,0,1,4,2,2)*i_*rw^2*rh^2*OP+24*F(2,2,
    0,0,2,3,2,2)*i_*rw^2*rh^2*OP+48*F(2,2,0,1,1,3,2,2)*i_*rw^2*rh^2*OP)-(8*F(2,2,0,0
    ,0,5,2,2)*i_*rw^2*rh^2*OP+48*F(2,2,0,0,1,4,2,2)*i_*rw^2*rh^2*OP+24*F(2,2,0,0,2,3
    ,2,2)*i_*rw^2*rh^2*OP+48*F(2,2,0,1,1,3,2,2)*i_*rw^2*rh^2*OP)-(4*F(2,2,0,0,0,5,2,
    2)*i_*rw^2*DIM*rh^2*OP+12*F(2,2,0,0,1,4,2,2)*i_*rw^2*DIM*rh^2*OP)-(64*F(2,2,0,0,
    0,3,2,2)*i_*rw^2*DIM*rh^2*OP+192*F(2,2,0,0,1,2,2,2)*i_*rw^2*DIM*rh^2*OP)-(0)-(0)
    -(0)-(0)-(3/2*F(2,2,0,0,0,6,2,2)*i_*rh^2*OP+9/2*F(2,2,0,0,2,4,2,2)*i_*rh^2*OP)-(
    F(2,2,0,0,0,6,2,2)*i_*rh^2*OP+3*F(2,2,0,0,2,4,2,2)*i_*rh^2*OP)-(8*F(2,2,0,0,0,4,
    2,2)*i_*rh^2*OP+24*F(2,2,0,0,2,2,2,2)*i_*rh^2*OP)-(2*F(2,2,0,0,0,6,2,2)*i_*rh^2*
    OP+6*F(2,2,0,0,1,5,2,2)*i_*rh^2*OP)-(16*F(2,2,0,0,0,4,2,2)*i_*rh^2*OP+48*F(2,2,0
    ,0,1,3,2,2)*i_*rh^2*OP)-(48*F(2,2,0,0,0,4,2,2)*i_*rh^2*OP+144*F(2,2,0,0,1,3,2,2)
    *i_*rh^2*OP)-(24*F(2,2,0,0,0,4,2,2)*i_*DIM*rh^2*OP)-(16*F(2,2,0,0,0,4,2,2)*i_*DI
    M*rh^2*OP)-(128*c(2,2,0,0,0,2,2,2)*B(0,4,0,0,0,2)*i_*DIM*rh^2*OP+128*J(2,2,0,0,0
    ,2,2,2)*i_*DIM*rh^2*OP)-(0)-(0)-(0)-(0)-(0)-(0)-(0)-(0)-(2*F(2,2,0,0,0,6,2,2)*i_
    *rw^2*rh^2*OP+6*F(2,2,0,0,1,5,2,2)*i_*rw^2*rh^2*OP)-(6*F(2,2,0,0,0,6,2,2)*i_*rw^
    2*rh^2*OP+18*F(2,2,0,0,1,5,2,2)*i_*rw^2*rh^2*OP)-(3*F(2,2,0,0,0,6,2,2)*i_*rw^2*r
    h^2*OP+9*F(2,2,0,0,1,5,2,2)*i_*rw^2*rh^2*OP)-(112*F(2,2,0,0,0,4,2,2)*i_*rw^2*rh^
    2*OP+336*F(2,2,0,0,1,3,2,2)*i_*rw^2*rh^2*OP)-(F(2,2,0,0,0,6,2,2)*i_*rw^2*rh^2*OP
    +3*F(2,2,0,0,1,5,2,2)*i_*rw^2*rh^2*OP)-(80*F(2,2,0,0,0,4,2,2)*i_*rw^2*rh^2*OP+24
    0*F(2,2,0,0,1,3,2,2)*i_*rw^2*rh^2*OP)-(0)-(0)-(0)-(0)-(0)-(0)-(0)-(0)-(1/2*F(2,2
    ,0,0,0,7,2,2)*i_*rh^2*OP)-(4*F(2,2,0,0,0,5,2,2)*i_*rh^2*OP)-(36*F(2,2,0,0,0,5,2,
    2)*i_*rh^2*OP)-(1/4*F(2,2,0,0,0,7,2,2)*i_*rh^2*OP)-(42*F(2,2,0,0,0,5,2,2)*i_*rh^
    2*OP)-(224*F(2,2,0,0,0,3,2,2)*i_*rh^2*OP)-(14*F(2,2,0,0,0,5,2,2)*i_*rh^2*OP)-(35
    2*F(2,2,0,0,0,3,2,2)*i_*rh^2*OP)-(0)-(0)-(0)-(0)-(0)-(0)-(0)-(0)-(0);
    id a^pow?!{-20,0}=0;
    
    contract;
    print expr;
    ***********
    *ANSWER

   expr =
       - 128*c(1,2,0,0,0,1,2,2)*B(0,3,0,0,0,1)*i_*rh^2*OP + 256*c(2,2,0,0,0,2,
      2,2)*B(0,4,0,0,0,2)*i_*rh^2*OP - 128*c(2,2,0,0,0,2,2,2)*B(0,4,0,0,0,2)*
      i_*DIM*rh^2*OP - 64*F(1,2,0,0,0,2,2,2)*i_*rh^2*OP - 64*F(1,2,0,0,0,2,2,2
      )*i_*rw^2*rh^2*OP + 60*F(1,2,0,0,0,3,2,2)*i_*rh^2*OP - 13*F(1,2,0,0,0,4,
      2,2)*i_*rh^2*OP + 6*F(1,2,0,0,0,4,2,2)*i_*rw^2*rh^2*OP + F(1,2,0,0,0,5,2
      ,2)*i_*rh^2*OP - 1/2*F(1,2,0,0,0,5,2,2)*i_*rw^2*rh^2*OP + 288*F(1,2,0,0,
      1,1,2,2)*i_*rh^2*OP - 192*F(1,2,0,0,1,1,2,2)*i_*rw^2*rh^2*OP - 180*F(1,2
      ,0,0,1,2,2,2)*i_*rh^2*OP + 96*F(1,2,0,0,1,2,2,2)*i_*rw^2*rh^2*OP + 12*F(
      1,2,0,0,1,3,2,2)*i_*rh^2*OP - 3/2*F(1,2,0,0,1,4,2,2)*i_*rw^2*rh^2*OP + 
      27*F(1,2,0,0,2,2,2,2)*i_*rh^2*OP - 18*F(1,2,0,0,2,2,2,2)*i_*rw^2*rh^2*OP
       - 3*F(1,2,0,0,2,3,2,2)*i_*rh^2*OP + 3*F(1,2,0,0,2,3,2,2)*i_*rw^2*rh^2*
      OP + 96*F(1,2,0,1,1,1,2,2)*i_*rw^2*rh^2*OP - 36*F(1,2,0,1,1,2,2,2)*i_*
      rw^2*rh^2*OP + 3*F(1,2,0,1,2,2,2,2)*i_*rw^2*rh^2*OP - 320*F(2,2,0,0,0,3,
      2,2)*i_*rh^2*OP + 128*F(2,2,0,0,0,3,2,2)*i_*DIM*rh^2*OP + 128*F(2,2,0,0,
      0,3,2,2)*i_*rw^2*rh^2*OP - 64*F(2,2,0,0,0,3,2,2)*i_*rw^2*DIM*rh^2*OP + 
      152*F(2,2,0,0,0,4,2,2)*i_*rh^2*OP - 40*F(2,2,0,0,0,4,2,2)*i_*DIM*rh^2*OP
       - 96*F(2,2,0,0,0,4,2,2)*i_*rw^2*rh^2*OP + 32*F(2,2,0,0,0,4,2,2)*i_*rw^2
      *DIM*rh^2*OP - 36*F(2,2,0,0,0,5,2,2)*i_*rh^2*OP + 4*F(2,2,0,0,0,5,2,2)*
      i_*DIM*rh^2*OP + 28*F(2,2,0,0,0,5,2,2)*i_*rw^2*rh^2*OP - 4*F(2,2,0,0,0,5
      ,2,2)*i_*rw^2*DIM*rh^2*OP + 9/2*F(2,2,0,0,0,6,2,2)*i_*rh^2*OP - 4*F(2,2,
      0,0,0,6,2,2)*i_*rw^2*rh^2*OP - 1/4*F(2,2,0,0,0,7,2,2)*i_*rh^2*OP + 1/4*
      F(2,2,0,0,0,7,2,2)*i_*rw^2*rh^2*OP + 192*F(2,2,0,0,1,2,2,2)*i_*rh^2*OP
       + 384*F(2,2,0,0,1,2,2,2)*i_*rw^2*rh^2*OP - 192*F(2,2,0,0,1,2,2,2)*i_*
      rw^2*DIM*rh^2*OP - 120*F(2,2,0,0,1,3,2,2)*i_*rh^2*OP - 192*F(2,2,0,0,1,3
      ,2,2)*i_*rw^2*rh^2*OP + 96*F(2,2,0,0,1,3,2,2)*i_*rw^2*DIM*rh^2*OP + 30*
      F(2,2,0,0,1,4,2,2)*i_*rh^2*OP + 48*F(2,2,0,0,1,4,2,2)*i_*rw^2*rh^2*OP - 
      12*F(2,2,0,0,1,4,2,2)*i_*rw^2*DIM*rh^2*OP - 3*F(2,2,0,0,1,5,2,2)*i_*rh^2
      *OP - 9*F(2,2,0,0,1,5,2,2)*i_*rw^2*rh^2*OP + 3/4*F(2,2,0,0,1,6,2,2)*i_*
      rw^2*rh^2*OP - 96*F(2,2,0,0,2,2,2,2)*i_*rh^2*OP + 96*F(2,2,0,0,2,2,2,2)*
      i_*rw^2*rh^2*OP + 54*F(2,2,0,0,2,3,2,2)*i_*rh^2*OP - 84*F(2,2,0,0,2,3,2,
      2)*i_*rw^2*rh^2*OP - 3*F(2,2,0,0,2,4,2,2)*i_*rh^2*OP + 12*F(2,2,0,0,2,4,
      2,2)*i_*rw^2*rh^2*OP - 15/2*F(2,2,0,0,3,3,2,2)*i_*rh^2*OP + 9*F(2,2,0,0,
      3,3,2,2)*i_*rw^2*rh^2*OP + 3/4*F(2,2,0,0,3,4,2,2)*i_*rh^2*OP - 3/2*F(2,2
      ,0,0,3,4,2,2)*i_*rw^2*rh^2*OP + 192*F(2,2,0,1,1,2,2,2)*i_*rw^2*rh^2*OP
       - 72*F(2,2,0,1,1,3,2,2)*i_*rw^2*rh^2*OP + 6*F(2,2,0,1,1,4,2,2)*i_*rw^2*
      rh^2*OP - 48*F(2,2,0,1,2,2,2,2)*i_*rw^2*rh^2*OP + 18*F(2,2,0,1,2,3,2,2)*
      i_*rw^2*rh^2*OP - 3/2*F(2,2,0,1,3,3,2,2)*i_*rw^2*rh^2*OP - 128*J(1,2,0,0
      ,0,1,2,2)*i_*rh^2*OP + 256*J(2,2,0,0,0,2,2,2)*i_*rh^2*OP - 128*J(2,2,0,0
      ,0,2,2,2)*i_*DIM*rh^2*OP;

    .end
  0.01 sec + 0.00 sec: 0.01 sec out of 0.01 sec
